16097613
25866928
36690562
29292224
27258164
88388827
27780863
15307439
28095039
13018270
46051366
30934207
60932031
40313104
11425996
13864445
11988217
31733796
18534983
24192922
26103736
26034796
10135093
19690344
15414201
96133316
28319577
13317513
10341217
87050118
18081315
18153929
13572453
21047396
31664374
23427738
31893844
51891536
10380769
26171658
13802119
31310133
16470663
13917832
25051013
30872064
23756502
11307128
14570693
24402294
24435782
89116871
17689799
55060571
12817717
50534924
28619645
21964207
11174112
15022263
20075510
18305025
32746513
14140831
73849037
86044142
28367485
41353220
92331102
29606535
27319334
74222240
80521355
74496196
17004308
27723483
62589731
20522174
19961946
14798877
21338123
21858748
33408030
10823419
22015847
13805623
50911317
26631272
11831430
26662211
29410248
16333963
57619492
54951370
15217837
79466668
41999382
12684292
24934781
30160324
